nummu.

110611010101001011 von 001001· (1000060060111
1110600010 0000 600 ’10010000 0001101 0006
1100006ιο 1011311100 70000000600300 006
31οἰ06 1101 101100 610 ’11101000 mit (10000100
1160010010 10 Ρο100 010 1106 1001600 1600-
00600 1106 7106 6101103 0. 110. 1110 1100131.
610000 60101060010600 8100110 01061100-
00600, 0006 601· 1160131. 110116016οο 01061
01030611601, 110001103οο 600 116013 1101 610
100100 1000110100 11001 0. 141. - 6011006
Martius 1667. 116013 10 Ρο100 00061600
810010 10100000οἰ00 60060001101000100600
110010. Ηι· (1001 von 11010100 660031061010
1100100101, 610 Ηο0100300 zu wollrenbflttel
und Ηο00100 000600 600 81001061060100
006 60000160 6000031 610 800 800600 0.
217. - 1100100106 61001100 1667. 116013
von 000111100ἱο6 31061 6001 0010100600 Ab·
3000061011 10610010 0. 261. 6031011.

-— ’1010 0001100000 XVII. oder
Aehzehnter Theil 010. 1110 auch zwi-
00600 600 0000 Ρο100 006 600 11030-
00000 Tartaru sampt 600 001061300
000001100010. 0030100300 1669. 010. 680.
1100006110.

Obejmujo: Polou 06 010. 133-117. (Juni 1667)
Sanno 1101000011010 06 010. 260-261. (1011
1667) 010. 369-316. (August) 06 010. 117-
167 (September, 11000000010) 06 010. 616-
661. (October. 60610011). W 10000610 (0.
103-109). 106011 600 von 6. 00010111·
00600 Woywod. 3010006100806100000 (0.
109-110). 101010 11060 610 600 116013 10
110100 600 Η10103003 11000 und 80001000
16 Septemb. gethan. - W 10060660101006
00 10010000 0000036100οε 600100. Ρο100
111031 vom 000001611οο 3010 7000601003
0. 133. 1100 116001600601310060 Minister
1110610 1110000600 600106100 0. 134, dem
1160130 10 Ρο100 1100600 00600 01111060
0010061100οη 3030600 0. 131. 80161300 0600
6016001 ins 11100100 zu 30600. Ηο00 Mor·
stein 100101 wieder heim, 61016300006100
100 600 110000600601110010011000 0006
bey 11010 00 0. 136. Sermo generosi Ko-
010101010 0136. 1061010 110Ιο110010 30600
vor 0106. 11000 (1010011 100101 von 600
(1000060060111 60101, (1000060060111 0006
61οο000 601061001 0. 138. 1100 81061 ’16000
1100011010 160000 010610 0000106100, Ρο000-
010060 1100011010 001100 0106 bey Ηο10 60·
0011110000 0. 139. 1110 7016006060 60600
60010 116013 10610010, 11010300 01000 700-
10010, 1100061 1110 600 ’1001000 10 1101600100
0. 110. 1100 0000 101000 11οο6001103 an
600 Το160001 10 60106003, 6000016130 010101
011110 001000 101003, ’10010000 01001600
0110101010 1011016 1100000110. 111. ’10000-
001 11106 1110 16000 0030010011. 8100800-
they 60100 11106 60001106 30011031 0112.
1100 001010060 1630011061οτ Hert Radziovski
101601 600 00100 Τ10100 8011601100110-

numum

61000. 810 60160 complimflm uimnder.
1101 (10000610 11106 von 6001 (10000 'Birtha
000 Audiens 00110663 0013060111 0116 1031
von 0010010 1100130 600 (110000 06, Seia
11001010006001 6οω60011 1100 8101110600
1011101600 (1000016100. (1161 0601· 06606-
100 ’10001 110300 11ἱο6010103 600 ’11010οι
1100110100 0030600 0106 111 Τ6011006-806010
0. 228-230. -101100 1667. Polo 101
noch 101006001106130110110, neuim
11006103 10106 0106130601100, 600 &dt
’160011 11106 610 S. 1010600 11100110 in 60
1101101061 0630001006οο 0, 260. jobah 1011
30010000 1106103, 610 stadt 3061 ‹lasne-
61003 010, 610 1001100111 0600 11111 611001
000 610 1110060 haben 0. 261, 610 81061
0001001101 1003061106 6110111600, 6101100000
0060100 610 1110060 010, und 600 11011
1106001 600 660300006061 von 1601611011
101106. 11010 1111013010 Palen 11106 000
6011010. 262. 0110010011 bofoymt, 1100001
063000600100 1601 0006 1100001100, 600·
00160601 10610010. 106011 001000 106110
3000 0. ⁶253. 11000 0001 von 1801101101οἰ0
00000106 0. 264. 1100 1010100 1110 conda
secretarius, will von 600 11601310 1106011011
holon, 81006011 100 Pom sumt 0600 610
100011. wahl. 1100 1160131031 don «0100
81010 0001100010000001110060. Hert 110
60101011 1110101111 1601000001 00 600 1116
11001061 0. 266. Der 116013 1101101111 1001
01061 1110 00 600101 ’1001000 0106100 3001
000 Limon 10 10016003 00 0. 266. 1100
(1000 110166οπ 01061 1610 0101 6031111000
hager 0000. 1110 1101000 103001 0106 1101100

· 00100 hamburg 006 00600001 00011 (10160

0. 267. (1010100100 00060011011600101000
0010030οο Turtam 1100600 im 110300 000-
0110101. 1601000 01001600 0600011110 610 00
10016003 006 610 an 110ιο1οηί0011 in Po·
dolien 0, 268. 1100001600 werdon 30⁰0 30
00610300. 00006010 1110000106 600 (10000100
0030600 0. 2611. 1110 11000016ῃωί010
1100600 001 600 6006003100600 Cominio·
006001 1103000600. 1100 Amce 11106 (1016
0030601100 0. 260. -· 10300100. 1667.
1100610030 0001003010 000001 nach Tur·
01000010011001001001. (1000061. 1110600
11000600 06301000301. 110011601101000
10031 80600160 0000 1601000001 0. 339.
1110 81011 ’16000 ist 10 0106 001601 301 011·
00613 006 610 81011 81610300 mit 16101
1100010003 0. 310. ’100000110ιὶ00 610161
0100100 0. 341. 1100 116013 00610161 600
Το01000 halben 6101101000001100000610001
1111006οτ (1001106100 1010010006 wamba
1110 Tartaru 10110 0600101161 10 11000000 ein
0. 610- 110Ιο1006 101000 ki 0106 nieht
wahren. 11111ωο6100 Ρ1110 110011 610111-
tam 100600 ab. Ρο1010060 101000 101301
0061111013. 1110 Η. H. (1010100011011 10 Im-
6003 100000006οο 1110 (1016 0. 841, 610
0001100100 60001601601010 Eudo. ’160110
1101010060 11610100 1100600 &gemm

 

