numum.

35515515511553 in 55155513 5. 344. ’155115
115155555556155 11511511555555515, wider
515 Tutum 55555. 0551115155 in 15155513
5115 5555 mit 555 ’1155155555 75151515
1155113 1. 345, 515 551 wilda 1111 51551
1511 5 346. - September 1667. Dor 116513
15 Polou 555 515 Κ55131.151555515555
55 015555 515 s. 447, 515 3511115555 Η51-

nmmum. 133

1551515555 wmohau. Der 1115131115
5155 5555 1115551 515 5. 618. (11555351515555
1155511115 551555 vom 5515 5535155131.
5555511ῑί5555 (155555555551 11115 11155113
5153511511 5. 619. Ρ51515555 05555555 5555·
555 libel in ’15115153 Dio 1515555555
(1515155155 55511 1515 1315151 55515551
5. 620.

1555555555 zur 5511151151. Der Kays. - Toi: 0551155565 XVIII. (19.

55555515 11511 Grai 65551355551515555
151151 115355 5. 448. Dor 11511 5535511515
11115 31155113 15 015555 515355511. Die

15511). Zusammengetragen durch 1151115
Mayern von Hayn in Schlesien 1669.

1165. 151555 551 1551555555 11551315 sir. 458 i Appendix.

wird 1511 31555515 (15111153 5533555151 5. W tytulo, piormy 151 515 5351551555 kra-

450. 1515511 meh 5515 3531155115. 1151555-ι
55555115 5. 452. 11511 [1555151511] 111151
55 5511555551. Der 85513 153551 1115551
555511555555 5. 453. Turtam 555 05-
555155 151155 55515551 in 11555555 515.
Die poinisehe Amne 1155 5515555 51551
15151515. Die Τ511515511155555511155 515
Sinti 55155513 5. 454. 5150555155 1555
5553515555 5. 455. Dio 81511 51111111 5155
551556, 551 1115515155511 11115 von 555
Turtam 5515111131 5. 457. 8551151555 555
P. 5515555515 5. 456. -october 1667.
51551551115555 (1555555555111 15 Wien.
’1155555555 dubi-ingen. Vom 5551555155
Ζ551555 55114155 Ρ5155, 5555 551 145513
dem 55155 5515555555 5535555555 555
15155 wira. Kdnigwssrdo 15155151. Dor
05551 55355155513555553555511 555 61111-
51555 mit Polou 51551551155113555, 555
zum dritten 1551555115 51, 5555 da 515
Ρ5155 151515 7553155551 5555155555,
555 151555 0555155 8555 zum 1151135
nahmen 11111555, 51 5155 51551 511515 55
dem 051551115555 3155555 5511551155, und
5555515115 5315113 5511115515, 5555515 5555
5155 5515 mit Geld und Volko 555 Po·
155 5535155511 1151115 (5. 14 0515551) s.
541. 0555151 1515511 15 Ρ5155 wider 515
’1111515 5. 543. liin 31151151 51515111 5155.
Das 0555151 5515515 11115 151551115. 546.
Ι)51 1115515155511 55511131 515 Tartaru
minniich 55. Und 1513151551 5155 mit
15555 5 543. Tartaru 35555 555 Ρ5155
55111511. Die Pois 15515355 51111555 ’151-
15111. 1155555155γέ 551 5. 551. 11155
511555 1535115155 bey ’151115ροί. 1511115555
055551155 151155 555 Tarum in ihrer Ab·
1155555511 15 crim 515 5. 552. Pele und
1155555 555555 5155555555111 zusammen,
5115555555 0515155155 5555511 1515 Soi-
55155 5111 dem Honeken 5. 553. Ρ55515
nischma Sobieski und 851155 65131 5.
549. Pacta 1511 5515555515 5. 550. -
November 1667. 115513 in Poien 151551
551 515 5531 Ein 1151555153 5511 555535-
555115555 werdon 5. 610. 3115555 von
Ρ5555 1511511 mit 555 55551155 in War-
55555 15 5115115. 617. 1551155115 1535111
Ρ5155155 55 055155155Ρ1511551511515 5515-
comitiales 5. 610. 751151155551 6155555151

15115 11151355 51511515 51555. Padano 35
5361511555 1 116551. 05515515 November
1667. - 355155 1668. 05555155 1555 555
(111551555511 Γ1511515 51555 55555115555
11151511 27... Daren (15555515 11515555
55315 1515155555 0155 3515551155 an 5.
387. 1151555 5555 1155511515 55155 (1515.)
155555 55 81515551ὶί511 5155555155
5. 345. crucan 5115155 551 3111555555
15155555 5. 433. 0151555555 3115555551
15551511 5155 5. 431. 555513155111515155
wol 5. 436. iiim 8511511111 11115 51115551-
55551 Umor-cantalu 5428, 1531555 Eyd
55 5. 430. 1115551ωὸ1555 11115 55 Dant·
513 5153555355 5. 430. 115513 15 Polou
5115 5551551155 5. 82, hili 515 Panquei
5. 83, 55131 515 1555551155 515 1155531155-
koit 115355 5555555553 551 55155555 555
1155555155 55 5, 179, will 515 1153151553
5515355 5. 250, domn creditores 1151555
5111115. 251, 11111 555 1153151551 5555 55-
hulten 5. 324. 151551 5555 111155555 5.
325, 115151 wieder 5555 1151555115 5. 385,
1531 515 115551 55 (15.) 85515151 51555
055155511555-Τ5355.(15,)11131 5565551551-
555 555 Reium-Raiba 65155 5555551553
vor 5. 424, 11115 155555 noiolio-Rumon
1511555 51515551, noch 1111351 55 15315155
5. 426, 5551 5115 5555551 5. 427. 51115551-
55551 111555 5555511155 haben 55515515,
und 551555 55351516351 5. 427. 51115551-
55551 115151-05515151 1511111151 5. 428.
1155555 515551 sich 55 aliem 35155 35355
Ρ5155 5. 24, 334. 515555511151 5551115355
515 05555155 5, 386, 51551155 51555155 15
551 1111151115 51551 hart 5. 434. 145555511-
115555 01555-(155555555511155155315 115513
in Polen 515 51515 55515515 5. 24, und
mit 555 1155131. 0555555555 0551515515
(ibid.) wird 55111155 11551111 5. 76, 5155
andere 1535511511 Wien nach 115555. (ibid)
reyuot wieder heim 5. 83. 5555551115555
(1555555555111 1151551 nach 0555155655ροὶ
5. 166, nach wmehau 5. 251, 55155-
515515 (1515.) 5515515511 Β5355155 15151551
5115151535 5555551155 5. 252, 551 5113111551
55515511 5. 271. Μο555511115555 0555551155
151155 von (5551 55 5. 1113. 55555511555551
1535555551 1151551 meh 55155555 5.
427, wird 55351516351 5. 428. 2511115555

 

