numum

1010300 0. 236. 1110100100 (10000610 10
Wion 0. 261. 6010. (100600100003003
30300 polu. Gmndten 0. 262. -Novem-
100. 1110600010000100 00100100 6000110-
0130 (1001006001Μο 006 1010001001] 0.
163-1. - 1100000100. (10000100 110001
0. 282. 1100101300 006 10 (101010 11000

numum. 177

010100 110ρο110100 10100 10100 111101310-
610010 0, 163. 1100001101 000300 110000-
0010103001011 zum ’1106000060000001 0. 163.
1100 [(11οῑ3 10001 6000 1006110600 0101
000101 0. 164, 000011 0111010000001010010
’10011000 an 0101 0161, 00 1100001000 60·
11100101 man 001 6000 1006103011006000

100310000010110. 283. 1110000001006 0001-
001οο 600 0001160010(οο 006 [0100010011
Μο010011100100 (10000610 0. 283. 1010- 11000 1010010011 0010013001000110000
00100ὶί00100 secretarius in 11100 0. 278. 0001110101 worden 0. 166, 1100 11110131. Ηο1

1031011. 0010011301 0101 000 110010001ῑο 10110166.

- Tot: continuatio XIII. 11100- 111 1111111 1111 heimlich Μ {mogo
0010600 11011. von 600 600010106130100 ⁸' ¹⁶7· ο · Jagoelt
(10001101100 010. So 6000010006001101 “ 11111 0111111111οΧῙ11Ἒ111111·

aber jn Polou, wege„ Niedordfflekung 0010100 Τ1011. 110010000010. In Pplen
de,- innerfiehen Empbfflngen, dwa- 010010110001110000 000000000001100010-

0110„ 1318313, Engefland ete· 1557. Tage 006 000300000000 10000110100
Str, 184, 1 Appende. 10100101100100110001,110000660000

00111140101000100»100000100Ρο10010110 6111111111 1111116116 etc· 1161111611·
0101 00110100001130. 22. 1100013 010011 1667. atr. 621.
0101 10 1011 0. 22. 11000 11110130 10001010- 110611001110061010010 1111101. 800110 10133000,
rung Brieff 00 1100013 023. 1100101300 010006000311. M. H. S.
010600001000 0101 10 00010100301030000 (10011615. 0101000100 Martius. 1)10 (1000 006
Ρ1001000 60011010 Εἰο010001100003 0. 23. 1101101111 Ρο100 10110 01010011010000113
100000 600 010, (1101100101 10 001000 11111100 0. 66. 1100 1101010103 00010100 610 nuh
01011010 0. 21. 6100110060 016100· 10 600 0010600 1010300 0011, 301100 11000010000
100111 006 0100 11000 101 11001013 0. 21, 110110 011006001100611011000112001100

1010010011110011101100 0. 166.Ι 110011οπ
(10000 10010100101001113000001600 0. 161.

25. Ηο00101000100101 wil 10 30010000 Form
tractim, 00106 1100 013000110300 0. 21,
600 (1001060010100 30301000 000300 Ρο100
006 11000100 0. 22. Dio 0000111110 (10000
6001010010 von 1111100000 010 8010000100
111101 vor 110000 1010001001] 0. 26. 1100
1160131. 1101101011 0101 vor 600 (1001060-
0101001010101026. 10061130 110110 016013
110110 vor 600 611013 0. 26, 27. 80060-
mischar 1006103 00001130 28. 1100 1000-
010010 006 (101ίο010010 1006103 30110001
00 000101 0. 28, 006000 0000100οη 0. 29.
1106101000 00 1100100100, Β11101010001οτ3
0. 29. 1600000. (10001001010316000000000
10010000 6010600 0011110100 0. 29. 21000-
10100 010 (10101000 00000101100 0. 29.
1111001003 von 600 1111100000 11001101
0 ³0. 00000100 10300 6002001000 (10-
10003000 01 0. 31. 80101010 111110οἱ0010
(10000 60161000 011011 0. 31. (10000100
00001000 6000 11060 0000 1100300 0011110000
30301000 610 1001010010 1100010003οο 0000
600 1110010100100 600100300 0100111000
0. 31. 1100000010 von 6007001000οω
(100011001οο 1101610οτ 3000101 0. 32. 0000-
0100 0106 600 Ρο100 111006010οἱ3 0. 111. 110-
0000001οο 101 uf 001000 11010. 32. 00000100
000100 001100 8010001000 11000 0127.-
Februarius. Polou 101 0000113 0. 161.
(10000011006103 00 110010010031110010101
00110011 zu 001000 0. 161, 010660011010-
61101 3000613010. 162. (1000001 1006103
00 1100001061 100111 00110011010. 161. 1110

2001001οὠ00 0130000610 006 6000001060·

000300 1100111003 010001006101100 1100-
0010110 0. 67. 111000 Wahl 00101600 1101010·
103 006 600000 60111010 00011010. 67. Die
Lubomirukyacho Ρο01101 1010001601οτ
6010300101( 6001001ογ 0010301000, 000000
600 00010 0101 noch 1100011101ωο 111001,
600 006000 300 0010001101 0. 69, 600 601110
0100 110111 0100100 0. 70. 1)10 11110131.
1001101 111110 3000 600 Ρο61060001180060-
0010100100 1006101100 000 600100000000-
100300030000010010. 70. Was 0000 mit
0010100 10000υο100003 3000011. 8011130
0100110111οη100 000300 006 6000 1006-
101100 1100001011 0106 0001110101 0. 71. 1)10
30010100100101006101100 werden 000 600
stub 0003000001001 006 610 11101300 zum
11110131. 1100061000 106001 mit 0100000000
(1000000010 30100000 0. 72. 1110110ῑο101030
Ρο01>0011100 vird 00611001 006 600 (1000001
Foldzougmeister wolff 10101113 10300100
0. 73. 1)10 Herm 1101010011110 0011000 001
610 proposition 006 00000 610 (1010111010
zum ersten 0. 71. Die 0001111010 zum
00001100 und die 0000 10001100 zum dritten
0, 76. 1100 1101000ἰο0111 101 00 mit 600
1111100000 00000100101, 010601006000000300
1010100 0010010161301 0. 77. 1)10 11110010010
7000011οο 1101100 00010000030100 0. 78.
1100· 11110131. Hoff 00101001 110103 im Sinn
00 haben 0. 79. 1110 1006101100 0106
00100 0101 0011010001 0010 0001013 0. 811,
6000 110110 0001100 (110 600 [0100010011
101010013001000061000 haben: 006000
0106106113 60001600, 6001 0010010100

23

 

